0.205718921519,0.001994488600,0.000145941082,0.000164829575,-0.000000010812,0.000004299836,0.000000023166,
0.204818390283,0.002014730433,0.000123963260,0.000160863499,-0.000000009207,0.000004898248,0.000000020767,
0.204072013006,0.001998543966,0.000105921599,0.000156095779,-0.000000006956,0.000005096128,0.000000018828,
0.202988602546,0.002097347436,0.000090746490,0.000146869467,-0.000000004684,0.000005485969,0.000000016296,
0.201973258235,0.002465653817,0.000105147211,0.000136448133,-0.000000005084,0.000006316822,0.000000015533,
0.200742322628,0.003023694918,0.000115231085,0.000115705140,-0.000000004889,0.000006297426,0.000000012433,
0.214718038318,0.008780692958,0.000622364239,0.000036832597,0.000000002884,0.000002463614,0.000000004773,
0.208455403586,0.008041031729,0.000367212563,0.000041971471,0.000000001560,0.000003017017,0.000000004972,
0.204927797792,0.007126543716,0.000156897544,0.000067914607,0.000000000435,0.000005247299,0.000000006997,
0.203888280592,0.004285890016,0.000088906764,0.000115035471,-0.000000003904,0.000007334716,0.000000010959,
0.208354263971,0.004141640290,0.000146336928,0.000137951961,-0.000000010031,0.000008813085,0.000000016839,
0.208631191483,0.004919473920,0.000239577204,0.000115262905,-0.000000007642,0.000008031971,0.000000017563,
0.216906536727,0.008324108669,0.000608989358,0.000052866556,0.000000001421,0.000004129332,0.000000009379,
0.208545622860,0.006324836992,0.000246044481,0.000088393686,-0.000000002580,0.000006858714,0.000000012778,
0.208316233754,0.006841420273,0.000247165995,0.000076547591,-0.000000000935,0.000005945685,0.000000010488,
0.206361057095,0.007030178417,0.000197355510,0.000071291517,-0.000000000390,0.000005436957,0.000000008447,
0.205607204771,0.005441187438,0.000181698968,0.000098102620,-0.000000002615,0.000007157365,0.000000012834,
0.208745491383,0.005985251201,0.000322385668,0.000086970538,-0.000000001980,0.000006546263,0.000000014428,
0.209361674820,0.006053040927,0.000350360333,0.000086772094,-0.000000001788,0.000006552662,0.000000015024,
0.209535326564,0.005825861130,0.000375402434,0.000089108156,-0.000000003265,0.000006726602,0.000000015967,five

0.203874041462,0.004826391888,0.001519524013,0.000118432255,0.000000047156,0.000003147783,-0.000000017335,
0.203334610111,0.004755248406,0.001447424530,0.000114412207,0.000000043916,0.000002943612,-0.000000015465,
0.202183952281,0.004541192001,0.001294974361,0.000114164105,0.000000042764,0.000003434578,-0.000000009903,
0.201580651252,0.004538721921,0.001222066700,0.000111647113,0.000000040529,0.000003481813,-0.000000007626,
0.200741454849,0.004374200051,0.001109456688,0.000114500973,0.000000040684,0.000004074290,-0.000000003204,
0.199623713417,0.004203142834,0.000980006139,0.000118167620,0.000000040152,0.000004844035,0.000000002210,
0.200466435251,0.004706313731,0.000996796268,0.000106987291,0.000000034877,0.000003775339,-0.000000002075,
0.200503904333,0.004945200873,0.000891549684,0.000106062566,0.000000032615,0.000003976582,-0.000000000020,
0.199223049161,0.004888410716,0.000757150215,0.000107084988,0.000000030273,0.000004688893,0.000000003643,
0.199366986406,0.005127002321,0.000710052855,0.000106006673,0.000000028798,0.000004806397,0.000000004067,
0.214828082943,0.010538828069,0.001408806077,0.000055267500,-0.000000003764,-0.000004767014,-0.000000014955,
0.224493956480,0.013835153834,0.002052167956,0.000074492302,-0.000000027620,-0.000007054922,0.000000009244,
0.230850115883,0.016084805462,0.002419731491,0.000103620133,-0.000000029880,-0.000005851367,0.000000042419,
0.234819273351,0.017454071978,0.002725802174,0.000133990316,-0.000000022430,-0.000003845233,0.000000077808,
0.240984264042,0.019573878806,0.003133404436,0.000175681091,-0.000000002782,-0.000000506974,0.000000130316,
0.245709974578,0.021276494328,0.003467892711,0.000215438799,0.000000022301,0.000002901556,0.000000184877,
0.237629695397,0.017944267546,0.002781009526,0.000131780177,-0.000000021294,-0.000003720133,0.000000076882,
0.218670321142,0.010525438307,0.002267218801,0.000083510099,-0.000000031246,-0.000008566755,-0.000000018551,
0.216456761598,0.009924901172,0.002114564719,0.000077906129,-0.000000025243,-0.000007734920,-0.000000019043,
0.213510487926,0.009319941757,0.001770417403,0.000068066318,-0.000000012405,-0.000006198524,-0.000000020110,OK

0.216493347967,0.012875593293,0.000938345433,0.000608162849,0.000000456427,0.000068084204,0.000000052365,
0.216637787090,0.012904231191,0.000859746995,0.000613483183,0.000000443011,0.000069209982,0.000000047433,
0.216742784997,0.012628770570,0.000864735126,0.000636842617,0.000000470737,0.000071261426,0.000000041875,
0.216897218693,0.012909422546,0.000782170252,0.000611108739,0.000000421091,0.000069301360,0.000000034493,
0.216206405248,0.012481912738,0.000779708353,0.000601766157,0.000000411190,0.000067200227,0.000000028841,
0.216835709400,0.012997330916,0.000701002492,0.000579301935,0.000000368431,0.000066043797,0.000000023227,
0.222560788050,0.015088910759,0.000670350537,0.000637961154,0.000000416308,0.000078309940,0.000000027234,
0.222258981345,0.015059035377,0.000663657624,0.000611472271,0.000000389024,0.000074903574,0.000000019774,
0.223400067758,0.016090142502,0.000536885812,0.000549404218,0.000000298382,0.000069202393,0.000000001680,
0.233763542252,0.022371202608,0.000310692596,0.000386053336,0.000000132021,0.000054681371,-0.000000021131,
0.236698834688,0.024140272385,0.000210443261,0.000356556223,0.000000096555,0.000053803038,-0.000000014717,
0.230803780042,0.021728504359,0.000250779609,0.000385478373,0.000000119842,0.000056476099,-0.000000001534,
0.216287154392,0.014691346371,0.000332996030,0.000381364919,0.000000135859,0.000045626292,-0.000000003462,
0.214222469586,0.012403480311,0.000687288518,0.000538719097,0.000000327234,0.000059982420,0.000000019307,
0.216090606855,0.013500324440,0.000739651313,0.000571409124,0.000000370286,0.000066266353,0.000000029744,
0.227405857683,0.021571967203,0.000209990874,0.000251869974,0.000000057923,0.000036904419,0.000000000437,
0.217475648017,0.017010348405,0.000664452498,0.000390971756,0.000000198956,0.000050986981,0.000000011246,
0.215322991425,0.014187470620,0.001228297743,0.000528068203,0.000000424603,0.000062897881,0.000000024197,
0.215631798595,0.014583164390,0.001111486188,0.000485659133,0.000000356293,0.000058474966,0.000000019385,
0.213877274082,0.013925498066,0.001075808956,0.000440020209,0.000000302422,0.000051648427,0.000000013980,
0.208443046869,0.010931715906,0.001361591176,0.000497983644,0.000000409788,0.000051925954,0.000000014898,Two


0.196310242368,0.004394749465,0.002581739919,0.000128284728,-0.000000048042,-0.000008211014,-0.000000056058,
0.196650853375,0.004560373204,0.002597513354,0.000129457406,-0.000000046157,-0.000008327414,-0.000000059204,
0.197933898344,0.005107845870,0.002666869818,0.000134047301,-0.000000042321,-0.000008775471,-0.000000068062,
0.205002119000,0.008030660905,0.002841889186,0.000148771641,-0.000000028743,-0.000010580710,-0.000000092366,
0.200226765554,0.006449084464,0.002637110233,0.000136258180,-0.000000049522,-0.000010137687,-0.000000064953,
0.185637863862,0.001593341708,0.001807875831,0.000135403374,0.000000040695,0.000000064414,-0.000000053216,
0.183814582645,0.001200227957,0.001660800113,0.000128157802,0.000000040709,0.000000647805,-0.000000042879,
0.196237586505,0.005271812072,0.002514507308,0.000181119836,0.000000049605,-0.000002625386,-0.000000111711,
0.228663035480,0.019879570665,0.001979236420,0.000116493253,0.000000001841,0.000000662991,0.000000055907,
0.237956143215,0.024890223278,0.001568023408,0.000132877849,0.000000040480,0.000011483339,0.000000045168,
0.242396838778,0.027821508676,0.000861948082,0.000066644248,0.000000009920,0.000004547400,0.000000012519,
0.194791490827,0.004428013635,0.002321946372,0.000113094407,-0.000000028854,-0.000006987116,-0.000000050261,
0.193969885934,0.004583904243,0.002185301238,0.000096316163,-0.000000032033,-0.000006472533,-0.000000030438,
0.191024447512,0.003681970181,0.002020838146,0.000088083275,-0.000000026347,-0.000005315954,-0.000000026209,
0.191972181223,0.004121493310,0.002036005873,0.000082688928,-0.000000028263,-0.000005299849,-0.000000018771,
0.194352162417,0.005077973742,0.002086299538,0.000084296767,-0.000000030372,-0.000005997028,-0.000000018090,
0.201082393535,0.007245985050,0.002411519506,0.000114730592,-0.000000027635,-0.000008708405,-0.000000053649,
0.202779281143,0.008368816110,0.002261884274,0.000109139425,-0.000000023028,-0.000008698376,-0.000000049094,
0.191738804051,0.001705739577,0.002494213320,0.000188551641,0.000000079039,0.000000504512,-0.000000102335,
0.193128034066,0.003478043427,0.002337421546,0.000131264639,0.000000000719,-0.000005097329,-0.000000072706,good

0.211108808687,0.010135670623,0.004116677838,0.000906712252,0.000001724825,0.000089410742,0.000000306082,
0.210483153944,0.011201906308,0.003455278852,0.000818367473,0.000001357225,0.000084879307,0.000000227411,
0.211160341857,0.011614692422,0.003397196388,0.000836042787,0.000001387102,0.000087883178,0.000000247297,
0.212513236351,0.012097816793,0.003429222807,0.000866479510,0.000001464000,0.000091963732,0.000000295896,
0.215460398210,0.014549347042,0.002797896079,0.000863286913,0.000001323144,0.000100553774,0.000000222245,
0.219064238563,0.016095941602,0.002858417808,0.000961148273,0.000001574631,0.000117618122,0.000000242011,
0.223140153519,0.017535203551,0.003351596065,0.001147428482,0.000002235439,0.000147043758,0.000000257008,
0.217496613331,0.014971547164,0.003125725366,0.000986302943,0.000001713049,0.000114504987,0.000000253970,
0.207928807975,0.009979209391,0.002802503537,0.000731425712,0.000001007695,0.000061911027,0.000000284907,
0.208788895032,0.010184887443,0.003156891535,0.000769306394,0.000001165881,0.000067795166,0.000000279384,
0.204005743445,0.007534856378,0.003116068687,0.000621903174,0.000000806427,0.000040622325,0.000000314933,
0.234742238069,0.024502227299,0.000700853848,0.000295116843,0.000000134180,0.000036839252,0.000000003093,
0.228657294965,0.022962484093,0.000800231014,0.000369924242,0.000000201142,0.000056012378,0.000000007148,
0.226408210958,0.022116291152,0.000756376650,0.000348698428,0.000000179021,0.000051792729,0.000000004555,
0.222655843164,0.020403075415,0.000640760447,0.000309450070,0.000000137780,0.000044200033,0.000000002067,
0.227934441517,0.022106292645,0.000978806693,0.000494098033,0.000000343134,0.000072783387,0.000000018109,
0.224676487797,0.020581691579,0.000796259772,0.000402284518,0.000000227532,0.000055867497,0.000000008235,
0.223839591971,0.018658894692,0.001688026207,0.000661421762,0.000000694940,0.000076958389,0.000000074173,
0.216869933131,0.014344742951,0.003089284967,0.000991285191,0.000001695420,0.000107307702,0.000000367111,
0.220670907143,0.018125114966,0.001770495291,0.000756470614,0.000000871553,0.000098840688,0.000000082599,middle_finger

0.203767071126,0.001150255191,0.004324699106,0.000239575741,-0.000000100766,-0.000001723616,0.000000222068,
0.203112477987,0.000933454409,0.004374284138,0.000223425603,-0.000000075858,-0.000000339690,0.000000207443,
0.203995217820,0.001052310165,0.004500592978,0.000230969723,-0.000000050031,0.000000431229,0.000000230111,
0.203600304735,0.001225042786,0.004341779833,0.000235273913,-0.000000054491,-0.000000126164,0.000000231463,
0.202286607743,0.001243365463,0.004066455227,0.000224557971,-0.000000062915,-0.000000578831,0.000000205155,
0.203130120469,0.001561651463,0.004078230341,0.000239305232,-0.000000065977,-0.000000718227,0.000000227016,
0.202463731729,0.001588995703,0.003981222410,0.000231129344,-0.000000056222,-0.000000303172,0.000000214466,
0.202489163128,0.001725295088,0.003916639560,0.000233408640,-0.000000054293,-0.000000170370,0.000000216463,
0.201786423519,0.000660357941,0.004447758736,0.000117483277,0.000000031294,0.000003013201,0.000000078949,
0.202608213015,0.000932817646,0.004525317197,0.000098205729,0.000000029341,0.000002897100,0.000000058525,
0.206971433283,0.001841329024,0.004876226306,0.000049074300,0.000000021022,0.000000984747,0.000000011591,
0.219710448386,0.004597269068,0.005872059957,0.000034154283,-0.000000013033,-0.000002163841,-0.000000008006,
0.231413962232,0.007406658697,0.006658125614,0.000090922657,-0.000000054781,-0.000002242088,0.000000044761,
0.207037233667,0.000736629374,0.005047924866,0.000119207992,0.000000032363,0.000003191975,0.000000086625,
0.204028949461,0.001502222903,0.004329158993,0.000240176059,-0.000000026070,0.000002650634,0.000000243513,
0.203768119159,0.002497983151,0.003940739661,0.000298450051,-0.000000047386,-0.000000781700,0.000000320178,
0.203809848630,0.001804386730,0.004181105703,0.000282756389,-0.000000075445,-0.000001264925,0.000000298042,
0.202665234821,0.000739721304,0.004481715177,0.000155285091,0.000000003168,0.000003689248,0.000000129505,
0.205746356155,0.000733041804,0.004864808658,0.000176757302,-0.000000002145,0.000003799622,0.000000163893,
0.203632289627,0.001383026795,0.004270813132,0.000243504444,-0.000000044854,0.000002034003,0.000000244238,six

